100
0 0 0
1 0 50
2 0 100
3 0 150
4 0 200
5 0 250
6 0 300
7 0 350
8 0 400
9 0 450
10 50 0
11 50 50
12 50 100
13 50 150
14 50 200
15 50 250
16 50 300
17 50 350
18 50 400
19 50 450
20 100 0
21 100 50
22 100 100
23 100 150
24 100 200
25 100 250
26 100 300
27 100 350
28 100 400
29 100 450
30 150 0
31 150 50
32 150 100
33 150 150
34 150 200
35 150 250
36 150 300
37 150 350
38 150 400
39 150 450
40 200 0
41 200 50
42 200 100
43 200 150
44 200 200
45 200 250
46 200 300
47 200 350
48 200 400
49 200 450
50 250 0
51 250 50
52 250 100
53 250 150
54 250 200
55 250 250
56 250 300
57 250 350
58 250 400
59 250 450
60 300 0
61 300 50
62 300 100
63 300 150
64 300 200
65 300 250
66 300 300
67 300 350
68 300 400
69 300 450
70 350 0
71 350 50
72 350 100
73 350 150
74 350 200
75 350 250
76 350 300
77 350 350
78 350 400
79 350 450
80 400 0
81 400 50
82 400 100
83 400 150
84 400 200
85 400 250
86 400 300
87 400 350
88 400 400
89 400 450
90 450 0
91 450 50
92 450 100
93 450 150
94 450 200
95 450 250
96 450 300
97 450 350
98 450 400
99 450 450
0 1 1
1 2 1
2 3 1
3 4 1
4 5 1
6 7 1
5 6 1
7 8 1
8 9 1
10 11 1
11 12 1
12 13 1
13 14 1
14 15 1
15 16 1
16 17 1
17 18 1
18 19 1
20 21 1
21 22 1
22 23 1
23 24 1
24 25 1
25 26 1
26 27 1
27 28 1
28 29 1
30 31 1
31 32 1
32 33 1
33 34 1
34 35 1
35 36 1
36 37 1
37 38 1
38 39 1
40 41 1
41 42 1
42 43 1
43 44 1
44 45 1
45 46 1
46 47 1
47 48 1
48 49 1
50 51 1
51 52 1
52 53 1
53 54 1
54 55 1
55 56 1
56 57 1
57 58 1
58 59 1
60 61 1
61 62 1
62 63 1
63 64 1
64 65 1
65 66 1
66 67 1
67 68 1
68 69 1
70 71 1
71 72 1
72 73 1
73 74 1
74 75 1
75 76 1
76 77 1
77 78 1
78 79 1
80 81 1
81 82 1
82 83 1
83 84 1
84 85 1
85 86 1
86 87 1
87 88 1
88 89 1
90 91 1
91 92 1
92 93 1
93 94 1
94 95 1
95 96 1
96 97 1
97 98 1
98 99 1
0 10 1
1 11 1
2 12 1
3 13 1
4 14 1
5 15 1
6 16 1
7 17 1
8 18 1
9 19 1
10 20 1
11 21 1
12 22 1
13 23 1
14 24 1
15 25 1
16 26 1
17 27 1
18 28 1
19 29 1
20 30 1
21 31 1
22 32 1
23 33 1
24 34 1
25 35 1
26 36 1
27 37 1
28 38 1
29 39 1
30 40 1
31 41 1
32 42 1
33 43 1
34 44 1
35 45 1
36 46 1
37 47 1
38 48 1
39 49 1
40 50 1
41 51 1
42 52 1
43 53 1
44 54 1
45 55 1
46 56 1
47 57 1
48 58 1
49 59 1
50 60 1
51 61 1
52 62 1
53 63 1
54 64 1
55 65 1
56 66 1
57 67 1
58 68 1
59 69 1
60 70 1
61 71 1
62 72 1
63 73 1
64 74 1
65 75 1
66 76 1
67 77 1
68 78 1
69 79 1
70 80 1
71 81 1
72 82 1
73 83 1
74 84 1
75 85 1
76 86 1
77 87 1
78 88 1
79 89 1
80 90 1
81 91 1
82 92 1
83 93 1
84 94 1
85 95 1
86 96 1
87 97 1
88 98 1
89 99 1
